   4.0293699299506933
 -0.83741478177737605
 -0.24986249409014696
 -0.12766272380802463
  -7.8365468683112935E-002
  -5.2829256835433255E-002
  -3.7670269990853704E-002
  -2.7866505362108409E-002
  -2.1145980954294489E-002
  -1.6343659658877289E-002
  -1.2805378553703733E-002
  -1.0137522788239735E-002
  -8.0899672975121573E-003
  -6.4966082532839963E-003
  -5.2430833521432026E-003
  -4.2482695960676066E-003
  -3.4531800784014318E-003
  -2.8140326994243376E-003
  -2.2977713902545363E-003
  -1.8790824541079472E-003
  -1.5383522475692559E-003
  -1.2602349912822341E-003
  -1.0326266136261048E-003
  -8.4591540968827639E-004
  -6.9242564235286609E-004
  -5.6599836898576106E-004
  -4.6167167006892898E-004
  -3.7543407541816695E-004
  -3.0403268527945463E-004
  -2.4482268946689374E-004
  -1.9564857308255145E-004
  -1.5474981120328142E-004
  -1.2068564753195064E-004
  -9.2274850723515956E-005
  -6.8547296865133814E-005
  -4.8704937923862159E-005
  -3.2090252342618914E-005
  -1.8160682722774408E-005
  -6.4678799682181124E-006
  -8.3025879232216494E-008
